0.000000	1.000000	0.000000
0.001450	1.000000	0.000026
0.002901	1.000000	0.000105
0.004351	1.000000	0.000235
0.005802	1.000000	0.000417
0.007252	1.000000	0.000649
0.008703	1.000000	0.000933
0.010153	1.000000	0.001267
0.011604	1.000000	0.001651
0.013054	1.000000	0.002084
0.014505	1.000000	0.002566
0.015955	1.000000	0.003097
0.017405	1.000000	0.003677
0.018856	1.000000	0.004305
0.020306	1.000000	0.004980
0.021757	1.000000	0.005703
0.023207	1.000000	0.006472
0.024658	1.000000	0.007288
0.026108	1.000000	0.008150
0.027559	1.000000	0.009058
0.029009	1.000000	0.010011
0.030459	1.000000	0.011009
0.031910	1.000000	0.012052
0.033360	1.000000	0.013139
0.034811	1.000000	0.014270
0.036261	1.000000	0.015444
0.037712	1.000000	0.016662
0.039162	1.000000	0.017922
0.040613	1.000000	0.019225
0.042063	1.000000	0.020569
0.043514	1.000000	0.021955
0.044964	1.000000	0.023383
0.046414	1.000000	0.024851
0.047865	1.000000	0.026360
0.049315	1.000000	0.027909
0.050766	1.000000	0.029497
0.052216	1.000000	0.031125
0.053667	1.000000	0.032792
0.055117	1.000000	0.034498
0.056568	1.000000	0.036242
0.058018	1.000000	0.038024
0.059468	1.000000	0.039843
0.060919	1.000000	0.041700
0.062369	1.000000	0.043593
0.063820	1.000000	0.045523
0.065270	1.000000	0.047489
0.066721	1.000000	0.049490
0.068171	1.000000	0.051527
0.069622	1.000000	0.053599
0.071072	1.000000	0.055706
0.072523	1.000000	0.057846
0.073973	1.000000	0.060021
0.075423	1.000000	0.062229
0.076874	1.000000	0.064471
0.078324	1.000000	0.066745
0.079775	1.000000	0.069052
0.081225	1.000000	0.071391
0.082676	1.000000	0.073761
0.084126	1.000000	0.076163
0.085577	1.000000	0.078596
0.087027	1.000000	0.081060
0.088477	1.000000	0.083554
0.089928	1.000000	0.086079
0.091378	1.000000	0.088632
0.092829	1.000000	0.091215
0.094279	1.000000	0.093828
0.095730	1.000000	0.096468
0.097180	1.000000	0.099137
0.098631	1.000000	0.101834
0.100081	1.000000	0.104558
0.101532	1.000000	0.107310
0.102982	1.000000	0.110089
0.104432	1.000000	0.112894
0.105883	1.000000	0.115725
0.107333	1.000000	0.118582
0.108784	1.000000	0.121465
0.110234	1.000000	0.124373
0.111685	1.000000	0.127306
0.113135	1.000000	0.130264
0.114586	1.000000	0.133245
0.116036	1.000000	0.136251
0.117486	1.000000	0.139280
0.118937	1.000000	0.142332
0.120387	1.000000	0.145407
0.121838	1.000000	0.148505
0.123288	1.000000	0.151625
0.124739	1.000000	0.154767
0.126189	1.000000	0.157930
0.127640	1.000000	0.161115
0.129090	1.000000	0.164320
0.130541	1.000000	0.167547
0.131991	1.000000	0.170793
0.133441	1.000000	0.174060
0.134892	1.000000	0.177346
0.136342	1.000000	0.180652
0.137793	1.000000	0.183977
0.139243	1.000000	0.187320
0.140694	1.000000	0.190682
0.142144	1.000000	0.194062
0.143595	1.000000	0.197460
0.145045	1.000000	0.200875
0.146495	1.000000	0.204307
0.147946	1.000000	0.207757
0.149396	1.000000	0.211223
0.150847	1.000000	0.214705
0.152297	1.000000	0.218203
0.153748	1.000000	0.221717
0.155198	1.000000	0.225247
0.156649	1.000000	0.228791
0.158099	1.000000	0.232350
0.159550	1.000000	0.235924
0.161000	1.000000	0.239512
0.162450	1.000000	0.243114
0.163901	1.000000	0.246730
0.165351	1.000000	0.250358
0.166802	1.000000	0.254000
0.168252	1.000000	0.257655
0.169703	1.000000	0.261322
0.171153	1.000000	0.265002
0.172604	1.000000	0.268693
0.174054	1.000000	0.272396
0.175504	1.000000	0.276111
0.176955	1.000000	0.279836
0.178405	1.000000	0.283572
0.179856	1.000000	0.287319
0.181306	1.000000	0.291076
0.182757	1.000000	0.294843
0.184207	1.000000	0.298620
0.185658	1.000000	0.302407
0.187108	1.000000	0.306202
0.188559	1.000000	0.310007
0.190009	1.000000	0.313820
0.191459	1.000000	0.317641
0.192910	1.000000	0.321471
0.194360	1.000000	0.325308
0.195811	1.000000	0.329154
0.197261	1.000000	0.333006
0.198712	1.000000	0.336866
0.200162	1.000000	0.340732
0.201613	1.000000	0.344605
0.203063	1.000000	0.348485
0.204513	1.000000	0.352371
0.205964	1.000000	0.356262
0.207414	1.000000	0.360159
0.208865	1.000000	0.364062
0.210315	1.000000	0.367969
0.211766	1.000000	0.371882
0.213216	1.000000	0.375799
0.214667	1.000000	0.379720
0.216117	1.000000	0.383646
0.217568	1.000000	0.387575
0.219018	1.000000	0.391509
0.220468	1.000000	0.395446
0.221919	1.000000	0.399386
0.223369	1.000000	0.403329
0.224820	1.000000	0.407274
0.226270	1.000000	0.411223
0.227721	1.000000	0.415173
0.229171	1.000000	0.419126
0.230622	1.000000	0.423081
0.232072	1.000000	0.427037
0.233522	1.000000	0.430995
0.234973	1.000000	0.434954
0.236423	1.000000	0.438914
0.237874	1.000000	0.442874
0.239324	1.000000	0.446836
0.240775	1.000000	0.450797
0.242225	1.000000	0.454759
0.243676	1.000000	0.458721
0.245126	1.000000	0.462683
0.246577	1.000000	0.466644
0.248027	1.000000	0.470604
0.249477	1.000000	0.474564
0.250928	1.000000	0.478522
0.252378	1.000000	0.482479
0.253829	1.000000	0.486435
0.255279	1.000000	0.490389
0.256730	1.000000	0.494341
0.258180	1.000000	0.498291
0.259631	1.000000	0.502239
0.261081	1.000000	0.506184
0.262531	1.000000	0.510127
0.263982	1.000000	0.514067
0.265432	1.000000	0.518004
0.266883	1.000000	0.521938
0.268333	1.000000	0.525868
0.269784	1.000000	0.529795
0.271234	1.000000	0.533718
0.272685	1.000000	0.537637
0.274135	1.000000	0.541552
0.275586	1.000000	0.545463
0.277036	1.000000	0.549369
0.278486	1.000000	0.553271
0.279937	1.000000	0.557168
0.281387	1.000000	0.561060
0.282838	1.000000	0.564947
0.284288	1.000000	0.568829
0.285739	1.000000	0.572705
0.287189	1.000000	0.576575
0.288640	1.000000	0.580440
0.290090	1.000000	0.584299
0.291540	1.000000	0.588152
0.292991	1.000000	0.591998
0.294441	1.000000	0.595838
0.295892	1.000000	0.599672
0.297342	1.000000	0.603499
0.298793	1.000000	0.607318
0.300243	1.000000	0.611131
0.301694	1.000000	0.614937
0.303144	1.000000	0.618735
0.304595	1.000000	0.622526
0.306045	1.000000	0.626310
0.307495	1.000000	0.630085
0.308946	1.000000	0.633853
0.310396	1.000000	0.637612
0.311847	1.000000	0.641364
0.313297	1.000000	0.645107
0.314748	1.000000	0.648842
0.316198	1.000000	0.652568
0.317649	1.000000	0.656285
0.319099	1.000000	0.659994
0.320549	1.000000	0.663693
0.322000	1.000000	0.667383
0.323450	1.000000	0.671065
0.324901	1.000000	0.674737
0.326351	1.000000	0.678399
0.327802	1.000000	0.682052
0.329252	1.000000	0.685695
0.330703	1.000000	0.689328
0.332153	1.000000	0.692951
0.333604	1.000000	0.696564
0.335054	1.000000	0.700167
0.336504	1.000000	0.703759
0.337955	1.000000	0.707342
0.339405	1.000000	0.710913
0.340856	1.000000	0.714474
0.342306	1.000000	0.718024
0.343757	1.000000	0.721563
0.345207	1.000000	0.725092
0.346658	1.000000	0.728609
0.348108	1.000000	0.732115
0.349558	1.000000	0.735610
0.351009	1.000000	0.739093
0.352459	1.000000	0.742565
0.353910	1.000000	0.746025
0.355360	1.000000	0.749473
0.356811	1.000000	0.752910
0.358261	1.000000	0.756335
0.359712	1.000000	0.759748
0.361162	1.000000	0.763149
0.362613	1.000000	0.766537
0.364063	1.000000	0.769914
0.365513	1.000000	0.773278
0.366964	1.000000	0.776629
0.368414	1.000000	0.779968
0.369865	1.000000	0.783295
0.371315	1.000000	0.786609
0.372766	1.000000	0.789910
0.374216	1.000000	0.793198
0.375667	1.000000	0.796473
0.377117	1.000000	0.799736
0.378567	1.000000	0.802985
0.380018	1.000000	0.806221
0.381468	1.000000	0.809444
0.382919	1.000000	0.812653
0.384369	1.000000	0.815849
0.385820	1.000000	0.819032
0.387270	1.000000	0.822201
0.388721	1.000000	0.825357
0.390171	1.000000	0.828499
0.391622	1.000000	0.831627
0.393072	1.000000	0.834742
0.394522	1.000000	0.837842
0.395973	1.000000	0.840929
0.397423	1.000000	0.844002
0.398874	1.000000	0.847060
0.400324	1.000000	0.850105
0.401775	1.000000	0.853135
0.403225	1.000000	0.856152
0.404676	1.000000	0.859154
0.406126	1.000000	0.862141
0.407576	1.000000	0.865115
0.409027	1.000000	0.868074
0.410477	1.000000	0.871018
0.411928	1.000000	0.873948
0.413378	1.000000	0.876864
0.414829	1.000000	0.879764
0.416279	1.000000	0.882650
0.417730	1.000000	0.885522
0.419180	1.000000	0.888378
0.420631	1.000000	0.891220
0.422081	1.000000	0.894047
0.423531	1.000000	0.896859
0.424982	1.000000	0.899657
0.426432	1.000000	0.902439
0.427883	1.000000	0.905206
0.429333	1.000000	0.907958
0.430784	1.000000	0.910696
0.432234	1.000000	0.913418
0.433685	1.000000	0.916125
0.435135	1.000000	0.918816
0.436585	1.000000	0.921493
0.438036	1.000000	0.924154
0.439486	1.000000	0.926801
0.440937	1.000000	0.929431
0.442387	1.000000	0.932047
0.443838	1.000000	0.934647
0.445288	1.000000	0.937232
0.446739	1.000000	0.939801
0.448189	1.000000	0.942355
0.449640	1.000000	0.944894
0.451090	1.000000	0.947417
0.452540	1.000000	0.949925
0.453991	1.000000	0.952417
0.455441	1.000000	0.954893
0.456892	1.000000	0.957355
0.458342	1.000000	0.959800
0.459793	1.000000	0.962230
0.461243	1.000000	0.964644
0.462694	1.000000	0.967043
0.464144	1.000000	0.969426
0.465594	1.000000	0.971794
0.467045	1.000000	0.974146
0.468495	1.000000	0.976482
0.469946	1.000000	0.978803
0.471396	1.000000	0.981108
0.472847	1.000000	0.983397
0.474297	1.000000	0.985671
0.475748	1.000000	0.987929
0.477198	1.000000	0.990171
0.478649	1.000000	0.992398
0.480099	1.000000	0.994609
0.481549	1.000000	0.996804
0.483000	1.000000	0.998984
0.484450	1.000000	1.001148
0.485901	1.000000	1.003296
0.487351	1.000000	1.005428
0.488802	1.000000	1.007545
0.490252	1.000000	1.009646
0.491703	1.000000	1.011731
0.493153	1.000000	1.013801
0.494603	1.000000	1.015855
0.496054	1.000000	1.017893
0.497504	1.000000	1.019916
0.498955	1.000000	1.021923
0.500405	1.000000	1.023914
0.501856	1.000000	1.025890
0.503306	1.000000	1.027850
0.504757	1.000000	1.029795
0.506207	1.000000	1.031724
0.507658	1.000000	1.033637
0.509108	1.000000	1.035534
0.510558	1.000000	1.037417
0.512009	1.000000	1.039283
0.513459	1.000000	1.041134
0.514910	1.000000	1.042970
0.516360	1.000000	1.044789
0.517811	1.000000	1.046594
0.519261	1.000000	1.048383
0.520712	1.000000	1.050156
0.522162	1.000000	1.051914
0.523612	1.000000	1.053657
0.525063	1.000000	1.055384
0.526513	1.000000	1.057096
0.527964	1.000000	1.058793
0.529414	1.000000	1.060474
0.530865	1.000000	1.062140
0.532315	1.000000	1.063790
0.533766	1.000000	1.065425
0.535216	1.000000	1.067045
0.536667	1.000000	1.068650
0.538117	1.000000	1.070240
0.539567	1.000000	1.071814
0.541018	1.000000	1.073373
0.542468	1.000000	1.074918
0.543919	1.000000	1.076447
0.545369	1.000000	1.077961
0.546820	1.000000	1.079460
0.548270	1.000000	1.080944
0.549721	1.000000	1.082413
0.551171	1.000000	1.083867
0.552621	1.000000	1.085306
0.554072	1.000000	1.086731
0.555522	1.000000	1.088140
0.556973	1.000000	1.089535
0.558423	1.000000	1.090915
0.559874	1.000000	1.092280
0.561324	1.000000	1.093630
0.562775	1.000000	1.094966
0.564225	1.000000	1.096287
0.565676	1.000000	1.097594
0.567126	1.000000	1.098886
0.568576	1.000000	1.100164
0.570027	1.000000	1.101427
0.571477	1.000000	1.102675
0.572928	1.000000	1.103910
0.574378	1.000000	1.105129
0.575829	1.000000	1.106335
0.577279	1.000000	1.107526
0.578730	1.000000	1.108703
0.580180	1.000000	1.109866
0.581630	1.000000	1.111015
0.583081	1.000000	1.112149
0.584531	1.000000	1.113270
0.585982	1.000000	1.114376
0.587432	1.000000	1.115468
0.588883	1.000000	1.116547
0.590333	1.000000	1.117611
0.591784	1.000000	1.118662
0.593234	1.000000	1.119699
0.594685	1.000000	1.120722
0.596135	1.000000	1.121732
0.597585	1.000000	1.122727
0.599036	1.000000	1.123709
0.600486	1.000000	1.124678
0.601937	1.000000	1.125633
0.603387	1.000000	1.126575
0.604838	1.000000	1.127503
0.606288	1.000000	1.128417
0.607739	1.000000	1.129319
0.609189	1.000000	1.130207
0.610639	1.000000	1.131082
0.612090	1.000000	1.131943
0.613540	1.000000	1.132792
0.614991	1.000000	1.133627
0.616441	1.000000	1.134450
0.617892	1.000000	1.135259
0.619342	1.000000	1.136055
0.620793	1.000000	1.136839
0.622243	1.000000	1.137610
0.623694	1.000000	1.138368
0.625144	1.000000	1.139113
0.626594	1.000000	1.139845
0.628045	1.000000	1.140565
0.629495	1.000000	1.141273
0.630946	1.000000	1.141967
0.632396	1.000000	1.142650
0.633847	1.000000	1.143320
0.635297	1.000000	1.143977
0.636748	1.000000	1.144623
0.638198	1.000000	1.145256
0.639648	1.000000	1.145877
0.641099	1.000000	1.146485
0.642549	1.000000	1.147082
0.644000	1.000000	1.147667
0.645450	1.000000	1.148240
0.646901	1.000000	1.148800
0.648351	1.000000	1.149349
0.649802	1.000000	1.149886
0.651252	1.000000	1.150412
0.652703	1.000000	1.150926
0.654153	1.000000	1.151428
0.655603	1.000000	1.151918
0.657054	1.000000	1.152397
0.658504	1.000000	1.152865
0.659955	1.000000	1.153321
0.661405	1.000000	1.153766
0.662856	1.000000	1.154200
0.664306	1.000000	1.154622
0.665757	1.000000	1.155033
0.667207	1.000000	1.155433
0.668657	1.000000	1.155822
0.670108	1.000000	1.156201
0.671558	1.000000	1.156568
0.673009	1.000000	1.156924
0.674459	1.000000	1.157270
0.675910	1.000000	1.157605
0.677360	1.000000	1.157929
0.678811	1.000000	1.158242
0.680261	1.000000	1.158545
0.681712	1.000000	1.158838
0.683162	1.000000	1.159120
0.684612	1.000000	1.159391
0.686063	1.000000	1.159653
0.687513	1.000000	1.159904
0.688964	1.000000	1.160145
0.690414	1.000000	1.160375
0.691865	1.000000	1.160596
0.693315	1.000000	1.160807
0.694766	1.000000	1.161007
0.696216	1.000000	1.161198
0.697666	1.000000	1.161379
0.699117	1.000000	1.161550
0.700567	1.000000	1.161712
0.702018	1.000000	1.161864
0.703468	1.000000	1.162006
0.704919	1.000000	1.162139
0.706369	1.000000	1.162262
0.707820	1.000000	1.162376
0.709270	1.000000	1.162481
0.710721	1.000000	1.162576
0.712171	1.000000	1.162662
0.713621	1.000000	1.162739
0.715072	1.000000	1.162807
0.716522	1.000000	1.162866
0.717973	1.000000	1.162916
0.719423	1.000000	1.162957
0.720874	1.000000	1.162989
0.722324	1.000000	1.163013
0.723775	1.000000	1.163027
0.725225	1.000000	1.163033
0.726675	1.000000	1.163031
0.728126	1.000000	1.163020
0.729576	1.000000	1.163000
0.731027	1.000000	1.162972
0.732477	1.000000	1.162936
0.733928	1.000000	1.162891
0.735378	1.000000	1.162839
0.736829	1.000000	1.162778
0.738279	1.000000	1.162709
0.739730	1.000000	1.162632
0.741180	1.000000	1.162547
0.742630	1.000000	1.162454
0.744081	1.000000	1.162353
0.745531	1.000000	1.162245
0.746982	1.000000	1.162128
0.748432	1.000000	1.162004
0.749883	1.000000	1.161873
0.751333	1.000000	1.161734
0.752784	1.000000	1.161587
0.754234	1.000000	1.161434
0.755684	1.000000	1.161272
0.757135	1.000000	1.161104
0.758585	1.000000	1.160928
0.760036	1.000000	1.160745
0.761486	1.000000	1.160555
0.762937	1.000000	1.160358
0.764387	1.000000	1.160154
0.765838	1.000000	1.159943
0.767288	1.000000	1.159725
0.768739	1.000000	1.159501
0.770189	1.000000	1.159269
0.771639	1.000000	1.159031
0.773090	1.000000	1.158787
0.774540	1.000000	1.158535
0.775991	1.000000	1.158278
0.777441	1.000000	1.158014
0.778892	1.000000	1.157743
0.780342	1.000000	1.157466
0.781793	1.000000	1.157183
0.783243	1.000000	1.156894
0.784693	1.000000	1.156599
0.786144	1.000000	1.156297
0.787594	1.000000	1.155990
0.789045	1.000000	1.155676
0.790495	1.000000	1.155357
0.791946	1.000000	1.155032
0.793396	1.000000	1.154701
0.794847	1.000000	1.154364
0.796297	1.000000	1.154022
0.797748	1.000000	1.153674
0.799198	1.000000	1.153321
0.800648	1.000000	1.152962
0.802099	1.000000	1.152597
0.803549	1.000000	1.152228
0.805000	1.000000	1.151853
0.806450	1.000000	1.151472
0.807901	1.000000	1.151087
0.809351	1.000000	1.150696
0.810802	1.000000	1.150301
0.812252	1.000000	1.149900
0.813702	1.000000	1.149494
0.815153	1.000000	1.149084
0.816603	1.000000	1.148668
0.818054	1.000000	1.148248
0.819504	1.000000	1.147823
0.820955	1.000000	1.147394
0.822405	1.000000	1.146960
0.823856	1.000000	1.146521
0.825306	1.000000	1.146078
0.826757	1.000000	1.145630
0.828207	1.000000	1.145178
0.829657	1.000000	1.144721
0.831108	1.000000	1.144261
0.832558	1.000000	1.143796
0.834009	1.000000	1.143326
0.835459	1.000000	1.142853
0.836910	1.000000	1.142376
0.838360	1.000000	1.141894
0.839811	1.000000	1.141409
0.841261	1.000000	1.140920
0.842712	1.000000	1.140427
0.844162	1.000000	1.139930
0.845612	1.000000	1.139429
0.847063	1.000000	1.138925
0.848513	1.000000	1.138417
0.849964	1.000000	1.137906
0.851414	1.000000	1.137391
0.852865	1.000000	1.136872
0.854315	1.000000	1.136350
0.855766	1.000000	1.135825
0.857216	1.000000	1.135296
0.858666	1.000000	1.134764
0.860117	1.000000	1.134229
0.861567	1.000000	1.133691
0.863018	1.000000	1.133150
0.864468	1.000000	1.132605
0.865919	1.000000	1.132058
0.867369	1.000000	1.131507
0.868820	1.000000	1.130954
0.870270	1.000000	1.130398
0.871721	1.000000	1.129838
0.873171	1.000000	1.129277
0.874621	1.000000	1.128712
0.876072	1.000000	1.128145
0.877522	1.000000	1.127575
0.878973	1.000000	1.127003
0.880423	1.000000	1.126428
0.881874	1.000000	1.125851
0.883324	1.000000	1.125271
0.884775	1.000000	1.124689
0.886225	1.000000	1.124104
0.887675	1.000000	1.123517
0.889126	1.000000	1.122928
0.890576	1.000000	1.122337
0.892027	1.000000	1.121744
0.893477	1.000000	1.121148
0.894928	1.000000	1.120551
0.896378	1.000000	1.119951
0.897829	1.000000	1.119350
0.899279	1.000000	1.118747
0.900730	1.000000	1.118141
0.902180	1.000000	1.117534
0.903630	1.000000	1.116926
0.905081	1.000000	1.116315
0.906531	1.000000	1.115703
0.907982	1.000000	1.115089
0.909432	1.000000	1.114474
0.910883	1.000000	1.113857
0.912333	1.000000	1.113238
0.913784	1.000000	1.112618
0.915234	1.000000	1.111997
0.916684	1.000000	1.111374
0.918135	1.000000	1.110750
0.919585	1.000000	1.110125
0.921036	1.000000	1.109498
0.922486	1.000000	1.108870
0.923937	1.000000	1.108241
0.925387	1.000000	1.107611
0.926838	1.000000	1.106980
0.928288	1.000000	1.106347
0.929739	1.000000	1.105714
0.931189	1.000000	1.105080
0.932639	1.000000	1.104445
0.934090	1.000000	1.103809
0.935540	1.000000	1.103172
0.936991	1.000000	1.102534
0.938441	1.000000	1.101896
0.939892	1.000000	1.101256
0.941342	1.000000	1.100616
0.942793	1.000000	1.099976
0.944243	1.000000	1.099335
0.945693	1.000000	1.098693
0.947144	1.000000	1.098051
0.948594	1.000000	1.097408
0.950045	1.000000	1.096765
0.951495	1.000000	1.096121
0.952946	1.000000	1.095477
0.954396	1.000000	1.094833
0.955847	1.000000	1.094188
0.957297	1.000000	1.093543
0.958748	1.000000	1.092898
0.960198	1.000000	1.092253
0.961648	1.000000	1.091607
0.963099	1.000000	1.090961
0.964549	1.000000	1.090316
0.966000	1.000000	1.089670
0.967450	1.000000	1.089024
0.968901	1.000000	1.088378
0.970351	1.000000	1.087732
0.971802	1.000000	1.087086
0.973252	1.000000	1.086440
0.974702	1.000000	1.085795
0.976153	1.000000	1.085150
0.977603	1.000000	1.084504
0.979054	1.000000	1.083859
0.980504	1.000000	1.083215
0.981955	1.000000	1.082570
0.983405	1.000000	1.081926
0.984856	1.000000	1.081282
0.986306	1.000000	1.080639
0.987757	1.000000	1.079996
0.989207	1.000000	1.079354
0.990657	1.000000	1.078712
0.992108	1.000000	1.078070
0.993558	1.000000	1.077430
0.995009	1.000000	1.076789
0.996459	1.000000	1.076150
0.997910	1.000000	1.075510
0.999360	1.000000	1.074872
1.000811	1.000000	1.074234
1.002261	1.000000	1.073597
1.003711	1.000000	1.072961
1.005162	1.000000	1.072325
1.006612	1.000000	1.071691
1.008063	1.000000	1.071057
1.009513	1.000000	1.070424
1.010964	1.000000	1.069792
1.012414	1.000000	1.069161
1.013865	1.000000	1.068530
1.015315	1.000000	1.067901
1.016766	1.000000	1.067273
1.018216	1.000000	1.066645
1.019666	1.000000	1.066019
1.021117	1.000000	1.065394
1.022567	1.000000	1.064770
1.024018	1.000000	1.064147
1.025468	1.000000	1.063525
1.026919	1.000000	1.062904
1.028369	1.000000	1.062285
1.029820	1.000000	1.061666
1.031270	1.000000	1.061049
1.032720	1.000000	1.060433
1.034171	1.000000	1.059819
1.035621	1.000000	1.059206
1.037072	1.000000	1.058594
1.038522	1.000000	1.057983
1.039973	1.000000	1.057374
1.041423	1.000000	1.056766
1.042874	1.000000	1.056160
1.044324	1.000000	1.055555
1.045775	1.000000	1.054952
1.047225	1.000000	1.054350
1.048675	1.000000	1.053749
1.050126	1.000000	1.053150
1.051576	1.000000	1.052553
1.053027	1.000000	1.051957
1.054477	1.000000	1.051363
1.055928	1.000000	1.050770
1.057378	1.000000	1.050179
1.058829	1.000000	1.049590
1.060279	1.000000	1.049002
1.061729	1.000000	1.048416
1.063180	1.000000	1.047832
1.064630	1.000000	1.047249
1.066081	1.000000	1.046668
1.067531	1.000000	1.046089
1.068982	1.000000	1.045512
1.070432	1.000000	1.044936
1.071883	1.000000	1.044362
1.073333	1.000000	1.043790
1.074784	1.000000	1.043220
1.076234	1.000000	1.042652
1.077684	1.000000	1.042085
1.079135	1.000000	1.041521
1.080585	1.000000	1.040958
1.082036	1.000000	1.040398
1.083486	1.000000	1.039839
1.084937	1.000000	1.039282
1.086387	1.000000	1.038727
1.087838	1.000000	1.038174
1.089288	1.000000	1.037623
1.090738	1.000000	1.037075
1.092189	1.000000	1.036528
1.093639	1.000000	1.035983
1.095090	1.000000	1.035440
1.096540	1.000000	1.034900
1.097991	1.000000	1.034361
1.099441	1.000000	1.033824
1.100892	1.000000	1.033290
1.102342	1.000000	1.032758
1.103793	1.000000	1.032228
1.105243	1.000000	1.031700
1.106693	1.000000	1.031174
1.108144	1.000000	1.030650
1.109594	1.000000	1.030128
1.111045	1.000000	1.029609
1.112495	1.000000	1.029092
1.113946	1.000000	1.028577
1.115396	1.000000	1.028064
1.116847	1.000000	1.027554
1.118297	1.000000	1.027046
1.119747	1.000000	1.026540
1.121198	1.000000	1.026036
1.122648	1.000000	1.025535
1.124099	1.000000	1.025035
1.125549	1.000000	1.024539
1.127000	1.000000	1.024044
1.128450	1.000000	1.023552
1.129901	1.000000	1.023062
1.131351	1.000000	1.022574
1.132802	1.000000	1.022089
1.134252	1.000000	1.021606
1.135702	1.000000	1.021126
1.137153	1.000000	1.020648
1.138603	1.000000	1.020172
1.140054	1.000000	1.019698
1.141504	1.000000	1.019227
1.142955	1.000000	1.018759
1.144405	1.000000	1.018292
1.145856	1.000000	1.017829
1.147306	1.000000	1.017367
1.148756	1.000000	1.016908
1.150207	1.000000	1.016452
1.151657	1.000000	1.015998
1.153108	1.000000	1.015546
1.154558	1.000000	1.015097
1.156009	1.000000	1.014650
1.157459	1.000000	1.014206
1.158910	1.000000	1.013764
1.160360	1.000000	1.013325
1.161811	1.000000	1.012888
1.163261	1.000000	1.012453
1.164711	1.000000	1.012021
1.166162	1.000000	1.011592
1.167612	1.000000	1.011165
1.169063	1.000000	1.010741
1.170513	1.000000	1.010319
1.171964	1.000000	1.009899
1.173414	1.000000	1.009482
1.174865	1.000000	1.009068
1.176315	1.000000	1.008656
1.177765	1.000000	1.008247
1.179216	1.000000	1.007840
1.180666	1.000000	1.007436
1.182117	1.000000	1.007034
1.183567	1.000000	1.006635
1.185018	1.000000	1.006238
1.186468	1.000000	1.005844
1.187919	1.000000	1.005452
1.189369	1.000000	1.005063
1.190820	1.000000	1.004677
1.192270	1.000000	1.004293
1.193720	1.000000	1.003911
1.195171	1.000000	1.003532
1.196621	1.000000	1.003156
1.198072	1.000000	1.002782
1.199522	1.000000	1.002411
1.200973	1.000000	1.002043
1.202423	1.000000	1.001676
1.203874	1.000000	1.001313
1.205324	1.000000	1.000952
1.206774	1.000000	1.000594
1.208225	1.000000	1.000238
1.209675	1.000000	0.999884
1.211126	1.000000	0.999534
1.212576	1.000000	0.999185
1.214027	1.000000	0.998840
1.215477	1.000000	0.998497
1.216928	1.000000	0.998156
1.218378	1.000000	0.997818
1.219829	1.000000	0.997483
1.221279	1.000000	0.997150
1.222729	1.000000	0.996820
1.224180	1.000000	0.996492
1.225630	1.000000	0.996167
1.227081	1.000000	0.995844
1.228531	1.000000	0.995524
1.229982	1.000000	0.995207
1.231432	1.000000	0.994892
1.232883	1.000000	0.994579
1.234333	1.000000	0.994269
1.235783	1.000000	0.993962
1.237234	1.000000	0.993657
1.238684	1.000000	0.993355
1.240135	1.000000	0.993055
1.241585	1.000000	0.992758
1.243036	1.000000	0.992463
1.244486	1.000000	0.992171
1.245937	1.000000	0.991881
1.247387	1.000000	0.991594
1.248838	1.000000	0.991310
1.250288	1.000000	0.991028
1.251738	1.000000	0.990748
1.253189	1.000000	0.990471
1.254639	1.000000	0.990196
1.256090	1.000000	0.989924
1.257540	1.000000	0.989655
1.258991	1.000000	0.989387
1.260441	1.000000	0.989123
1.261892	1.000000	0.988861
1.263342	1.000000	0.988601
1.264792	1.000000	0.988344
1.266243	1.000000	0.988089
1.267693	1.000000	0.987837
1.269144	1.000000	0.987587
1.270594	1.000000	0.987340
1.272045	1.000000	0.987095
1.273495	1.000000	0.986852
1.274946	1.000000	0.986612
1.276396	1.000000	0.986375
1.277847	1.000000	0.986140
1.279297	1.000000	0.985907
1.280747	1.000000	0.985677
1.282198	1.000000	0.985449
1.283648	1.000000	0.985223
1.285099	1.000000	0.985000
1.286549	1.000000	0.984780
1.288000	1.000000	0.984561
1.289450	1.000000	0.984345
1.290901	1.000000	0.984132
1.292351	1.000000	0.983921
1.293801	1.000000	0.983712
1.295252	1.000000	0.983506
1.296702	1.000000	0.983302
1.298153	1.000000	0.983100
1.299603	1.000000	0.982901
1.301054	1.000000	0.982704
1.302504	1.000000	0.982509
1.303955	1.000000	0.982317
1.305405	1.000000	0.982127
1.306856	1.000000	0.981939
1.308306	1.000000	0.981753
1.309756	1.000000	0.981570
1.311207	1.000000	0.981389
1.312657	1.000000	0.981211
1.314108	1.000000	0.981034
1.315558	1.000000	0.980860
1.317009	1.000000	0.980689
1.318459	1.000000	0.980519
1.319910	1.000000	0.980352
1.321360	1.000000	0.980187
1.322810	1.000000	0.980024
1.324261	1.000000	0.979864
1.325711	1.000000	0.979705
1.327162	1.000000	0.979549
1.328612	1.000000	0.979395
1.330063	1.000000	0.979243
1.331513	1.000000	0.979094
1.332964	1.000000	0.978946
1.334414	1.000000	0.978801
1.335865	1.000000	0.978658
1.337315	1.000000	0.978517
1.338765	1.000000	0.978378
1.340216	1.000000	0.978242
1.341666	1.000000	0.978107
1.343117	1.000000	0.977975
1.344567	1.000000	0.977845
1.346018	1.000000	0.977716
1.347468	1.000000	0.977590
1.348919	1.000000	0.977466
1.350369	1.000000	0.977344
1.351819	1.000000	0.977225
1.353270	1.000000	0.977107
1.354720	1.000000	0.976991
1.356171	1.000000	0.976877
1.357621	1.000000	0.976766
1.359072	1.000000	0.976656
1.360522	1.000000	0.976548
1.361973	1.000000	0.976443
1.363423	1.000000	0.976339
1.364874	1.000000	0.976238
1.366324	1.000000	0.976138
1.367774	1.000000	0.976040
1.369225	1.000000	0.975945
1.370675	1.000000	0.975851
1.372126	1.000000	0.975759
1.373576	1.000000	0.975669
1.375027	1.000000	0.975581
1.376477	1.000000	0.975495
1.377928	1.000000	0.975411
1.379378	1.000000	0.975329
1.380828	1.000000	0.975248
1.382279	1.000000	0.975170
1.383729	1.000000	0.975093
1.385180	1.000000	0.975018
1.386630	1.000000	0.974946
1.388081	1.000000	0.974875
1.389531	1.000000	0.974805
1.390982	1.000000	0.974738
1.392432	1.000000	0.974672
1.393883	1.000000	0.974608
1.395333	1.000000	0.974546
1.396783	1.000000	0.974486
1.398234	1.000000	0.974428
1.399684	1.000000	0.974371
1.401135	1.000000	0.974316
1.402585	1.000000	0.974263
1.404036	1.000000	0.974211
1.405486	1.000000	0.974162
1.406937	1.000000	0.974114
1.408387	1.000000	0.974067
1.409837	1.000000	0.974023
1.411288	1.000000	0.973980
1.412738	1.000000	0.973939
1.414189	1.000000	0.973899
1.415639	1.000000	0.973861
1.417090	1.000000	0.973825
1.418540	1.000000	0.973790
1.419991	1.000000	0.973757
1.421441	1.000000	0.973725
1.422892	1.000000	0.973696
1.424342	1.000000	0.973667
1.425792	1.000000	0.973641
1.427243	1.000000	0.973616
1.428693	1.000000	0.973592
1.430144	1.000000	0.973570
1.431594	1.000000	0.973550
1.433045	1.000000	0.973531
1.434495	1.000000	0.973514
1.435946	1.000000	0.973498
1.437396	1.000000	0.973483
1.438846	1.000000	0.973470
1.440297	1.000000	0.973459
1.441747	1.000000	0.973449
1.443198	1.000000	0.973441
1.444648	1.000000	0.973434
1.446099	1.000000	0.973428
1.447549	1.000000	0.973424
1.449000	1.000000	0.973421
1.450450	1.000000	0.973420
1.451901	1.000000	0.973420
1.453351	1.000000	0.973422
1.454801	1.000000	0.973425
1.456252	1.000000	0.973429
1.457702	1.000000	0.973435
1.459153	1.000000	0.973442
1.460603	1.000000	0.973450
1.462054	1.000000	0.973460
1.463504	1.000000	0.973471
1.464955	1.000000	0.973483
1.466405	1.000000	0.973497
1.467855	1.000000	0.973511
1.469306	1.000000	0.973528
1.470756	1.000000	0.973545
1.472207	1.000000	0.973564
1.473657	1.000000	0.973584
1.475108	1.000000	0.973605
1.476558	1.000000	0.973627
1.478009	1.000000	0.973651
1.479459	1.000000	0.973676
1.480910	1.000000	0.973702
1.482360	1.000000	0.973729
1.483810	1.000000	0.973757
1.485261	1.000000	0.973787
1.486711	1.000000	0.973818
1.488162	1.000000	0.973850
1.489612	1.000000	0.973883
1.491063	1.000000	0.973917
1.492513	1.000000	0.973952
1.493964	1.000000	0.973989
1.495414	1.000000	0.974026
1.496864	1.000000	0.974065
1.498315	1.000000	0.974104
1.499765	1.000000	0.974145
1.501216	1.000000	0.974187
1.502666	1.000000	0.974230
1.504117	1.000000	0.974274
1.505567	1.000000	0.974318
1.507018	1.000000	0.974364
1.508468	1.000000	0.974411
1.509919	1.000000	0.974459
1.511369	1.000000	0.974508
1.512819	1.000000	0.974558
1.514270	1.000000	0.974609
1.515720	1.000000	0.974661
1.517171	1.000000	0.974714
1.518621	1.000000	0.974768
1.520072	1.000000	0.974822
1.521522	1.000000	0.974878
1.522973	1.000000	0.974934
1.524423	1.000000	0.974992
1.525873	1.000000	0.975050
1.527324	1.000000	0.975109
1.528774	1.000000	0.975169
1.530225	1.000000	0.975230
1.531675	1.000000	0.975292
1.533126	1.000000	0.975355
1.534576	1.000000	0.975418
1.536027	1.000000	0.975483
1.537477	1.000000	0.975548
1.538928	1.000000	0.975614
1.540378	1.000000	0.975681
1.541828	1.000000	0.975748
1.543279	1.000000	0.975817
1.544729	1.000000	0.975886
1.546180	1.000000	0.975956
1.547630	1.000000	0.976026
1.549081	1.000000	0.976098
1.550531	1.000000	0.976170
1.551982	1.000000	0.976243
1.553432	1.000000	0.976316
1.554882	1.000000	0.976390
1.556333	1.000000	0.976465
1.557783	1.000000	0.976541
1.559234	1.000000	0.976617
1.560684	1.000000	0.976694
1.562135	1.000000	0.976772
1.563585	1.000000	0.976850
1.565036	1.000000	0.976929
1.566486	1.000000	0.977009
1.567937	1.000000	0.977089
1.569387	1.000000	0.977170
1.570837	1.000000	0.977252
1.572288	1.000000	0.977334
1.573738	1.000000	0.977416
1.575189	1.000000	0.977500
1.576639	1.000000	0.977584
1.578090	1.000000	0.977668
1.579540	1.000000	0.977753
1.580991	1.000000	0.977839
1.582441	1.000000	0.977925
1.583891	1.000000	0.978011
1.585342	1.000000	0.978098
1.586792	1.000000	0.978186
1.588243	1.000000	0.978274
1.589693	1.000000	0.978363
1.591144	1.000000	0.978452
1.592594	1.000000	0.978542
1.594045	1.000000	0.978632
1.595495	1.000000	0.978722
1.596946	1.000000	0.978813
1.598396	1.000000	0.978905
1.599846	1.000000	0.978997
1.601297	1.000000	0.979089
1.602747	1.000000	0.979182
1.604198	1.000000	0.979275
1.605648	1.000000	0.979369
1.607099	1.000000	0.979463
1.608549	1.000000	0.979557
1.610000	1.000000	0.979652
1.611450	1.000000	0.979747
1.612900	1.000000	0.979843
1.614351	1.000000	0.979939
1.615801	1.000000	0.980035
1.617252	1.000000	0.980132
1.618702	1.000000	0.980229
1.620153	1.000000	0.980326
1.621603	1.000000	0.980424
1.623054	1.000000	0.980522
1.624504	1.000000	0.980620
1.625955	1.000000	0.980719
1.627405	1.000000	0.980818
1.628855	1.000000	0.980917
1.630306	1.000000	0.981016
1.631756	1.000000	0.981116
1.633207	1.000000	0.981216
1.634657	1.000000	0.981317
1.636108	1.000000	0.981417
1.637558	1.000000	0.981518
1.639009	1.000000	0.981619
1.640459	1.000000	0.981720
1.641909	1.000000	0.981822
1.643360	1.000000	0.981923
1.644810	1.000000	0.982025
1.646261	1.000000	0.982127
1.647711	1.000000	0.982230
1.649162	1.000000	0.982332
1.650612	1.000000	0.982435
1.652063	1.000000	0.982538
1.653513	1.000000	0.982641
1.654964	1.000000	0.982744
1.656414	1.000000	0.982847
1.657864	1.000000	0.982951
1.659315	1.000000	0.983055
1.660765	1.000000	0.983158
1.662216	1.000000	0.983262
1.663666	1.000000	0.983366
1.665117	1.000000	0.983471
1.666567	1.000000	0.983575
1.668018	1.000000	0.983679
1.669468	1.000000	0.983784
1.670919	1.000000	0.983888
1.672369	1.000000	0.983993
1.673819	1.000000	0.984098
1.675270	1.000000	0.984203
1.676720	1.000000	0.984308
1.678171	1.000000	0.984413
1.679621	1.000000	0.984518
1.681072	1.000000	0.984623
1.682522	1.000000	0.984728
1.683973	1.000000	0.984833
1.685423	1.000000	0.984938
1.686873	1.000000	0.985044
1.688324	1.000000	0.985149
1.689774	1.000000	0.985254
1.691225	1.000000	0.985359
1.692675	1.000000	0.985465
1.694126	1.000000	0.985570
1.695576	1.000000	0.985675
1.697027	1.000000	0.985781
1.698477	1.000000	0.985886
1.699928	1.000000	0.985991
1.701378	1.000000	0.986096
1.702828	1.000000	0.986202
1.704279	1.000000	0.986307
1.705729	1.000000	0.986412
1.707180	1.000000	0.986517
1.708630	1.000000	0.986622
1.710081	1.000000	0.986727
1.711531	1.000000	0.986832
1.712982	1.000000	0.986937
1.714432	1.000000	0.987041
1.715882	1.000000	0.987146
1.717333	1.000000	0.987251
1.718783	1.000000	0.987355
1.720234	1.000000	0.987460
1.721684	1.000000	0.987564
1.723135	1.000000	0.987668
1.724585	1.000000	0.987772
1.726036	1.000000	0.987876
1.727486	1.000000	0.987980
1.728937	1.000000	0.988084
1.730387	1.000000	0.988187
1.731837	1.000000	0.988291
1.733288	1.000000	0.988394
1.734738	1.000000	0.988498
1.736189	1.000000	0.988601
1.737639	1.000000	0.988704
1.739090	1.000000	0.988806
1.740540	1.000000	0.988909
1.741991	1.000000	0.989012
1.743441	1.000000	0.989114
1.744891	1.000000	0.989216
1.746342	1.000000	0.989318
1.747792	1.000000	0.989420
1.749243	1.000000	0.989521
1.750693	1.000000	0.989623
1.752144	1.000000	0.989724
1.753594	1.000000	0.989825
1.755045	1.000000	0.989926
1.756495	1.000000	0.990026
1.757946	1.000000	0.990127
1.759396	1.000000	0.990227
1.760846	1.000000	0.990327
1.762297	1.000000	0.990427
1.763747	1.000000	0.990527
1.765198	1.000000	0.990626
1.766648	1.000000	0.990725
1.768099	1.000000	0.990824
1.769549	1.000000	0.990923
1.771000	1.000000	0.991021
1.772450	1.000000	0.991119
1.773900	1.000000	0.991217
1.775351	1.000000	0.991315
1.776801	1.000000	0.991412
1.778252	1.000000	0.991510
1.779702	1.000000	0.991606
1.781153	1.000000	0.991703
1.782603	1.000000	0.991800
1.784054	1.000000	0.991896
1.785504	1.000000	0.991992
1.786955	1.000000	0.992087
1.788405	1.000000	0.992183
1.789855	1.000000	0.992278
1.791306	1.000000	0.992372
1.792756	1.000000	0.992467
1.794207	1.000000	0.992561
1.795657	1.000000	0.992655
1.797108	1.000000	0.992748
1.798558	1.000000	0.992842
1.800009	1.000000	0.992935
1.801459	1.000000	0.993028
1.802909	1.000000	0.993120
1.804360	1.000000	0.993212
1.805810	1.000000	0.993304
1.807261	1.000000	0.993395
1.808711	1.000000	0.993486
1.810162	1.000000	0.993577
1.811612	1.000000	0.993668
1.813063	1.000000	0.993758
1.814513	1.000000	0.993848
1.815964	1.000000	0.993937
1.817414	1.000000	0.994027
1.818864	1.000000	0.994116
1.820315	1.000000	0.994204
1.821765	1.000000	0.994292
1.823216	1.000000	0.994380
1.824666	1.000000	0.994468
1.826117	1.000000	0.994555
1.827567	1.000000	0.994642
1.829018	1.000000	0.994728
1.830468	1.000000	0.994814
1.831918	1.000000	0.994900
1.833369	1.000000	0.994986
1.834819	1.000000	0.995071
1.836270	1.000000	0.995156
1.837720	1.000000	0.995240
1.839171	1.000000	0.995324
1.840621	1.000000	0.995408
1.842072	1.000000	0.995491
1.843522	1.000000	0.995574
1.844973	1.000000	0.995656
1.846423	1.000000	0.995739
1.847873	1.000000	0.995820
1.849324	1.000000	0.995902
1.850774	1.000000	0.995983
1.852225	1.000000	0.996064
1.853675	1.000000	0.996144
1.855126	1.000000	0.996224
1.856576	1.000000	0.996304
1.858027	1.000000	0.996383
1.859477	1.000000	0.996461
1.860927	1.000000	0.996540
1.862378	1.000000	0.996618
1.863828	1.000000	0.996696
1.865279	1.000000	0.996773
1.866729	1.000000	0.996850
1.868180	1.000000	0.996926
1.869630	1.000000	0.997002
1.871081	1.000000	0.997078
1.872531	1.000000	0.997153
1.873982	1.000000	0.997228
1.875432	1.000000	0.997303
1.876882	1.000000	0.997377
1.878333	1.000000	0.997451
1.879783	1.000000	0.997524
1.881234	1.000000	0.997597
1.882684	1.000000	0.997669
1.884135	1.000000	0.997741
1.885585	1.000000	0.997813
1.887036	1.000000	0.997884
1.888486	1.000000	0.997955
1.889936	1.000000	0.998026
1.891387	1.000000	0.998096
1.892837	1.000000	0.998166
1.894288	1.000000	0.998235
1.895738	1.000000	0.998304
1.897189	1.000000	0.998372
1.898639	1.000000	0.998440
1.900090	1.000000	0.998508
1.901540	1.000000	0.998575
1.902991	1.000000	0.998642
1.904441	1.000000	0.998708
1.905891	1.000000	0.998774
1.907342	1.000000	0.998840
1.908792	1.000000	0.998905
1.910243	1.000000	0.998970
1.911693	1.000000	0.999034
1.913144	1.000000	0.999098
1.914594	1.000000	0.999162
1.916045	1.000000	0.999225
1.917495	1.000000	0.999287
1.918945	1.000000	0.999350
1.920396	1.000000	0.999412
1.921846	1.000000	0.999473
1.923297	1.000000	0.999534
1.924747	1.000000	0.999595
1.926198	1.000000	0.999655
1.927648	1.000000	0.999715
1.929099	1.000000	0.999774
1.930549	1.000000	0.999833
1.932000	1.000000	0.999891
1.933450	1.000000	0.999949
1.934900	1.000000	1.000007
1.936351	1.000000	1.000064
1.937801	1.000000	1.000121
1.939252	1.000000	1.000178
1.940702	1.000000	1.000234
1.942153	1.000000	1.000289
1.943603	1.000000	1.000345
1.945054	1.000000	1.000399
1.946504	1.000000	1.000454
1.947954	1.000000	1.000508
1.949405	1.000000	1.000561
1.950855	1.000000	1.000614
1.952306	1.000000	1.000667
1.953756	1.000000	1.000719
1.955207	1.000000	1.000771
1.956657	1.000000	1.000822
1.958108	1.000000	1.000873
1.959558	1.000000	1.000924
1.961009	1.000000	1.000974
1.962459	1.000000	1.001024
1.963909	1.000000	1.001073
1.965360	1.000000	1.001122
1.966810	1.000000	1.001171
1.968261	1.000000	1.001219
1.969711	1.000000	1.001267
1.971162	1.000000	1.001314
1.972612	1.000000	1.001361
1.974063	1.000000	1.001407
1.975513	1.000000	1.001454
1.976963	1.000000	1.001499
1.978414	1.000000	1.001544
1.979864	1.000000	1.001589
1.981315	1.000000	1.001634
1.982765	1.000000	1.001678
1.984216	1.000000	1.001721
1.985666	1.000000	1.001765
1.987117	1.000000	1.001807
1.988567	1.000000	1.001850
1.990018	1.000000	1.001892
1.991468	1.000000	1.001933
1.992918	1.000000	1.001975
1.994369	1.000000	1.002015
1.995819	1.000000	1.002056
1.997270	1.000000	1.002096
1.998720	1.000000	1.002136
2.000171	1.000000	1.002175
2.001621	1.000000	1.002214
2.003072	1.000000	1.002252
2.004522	1.000000	1.002290
2.005972	1.000000	1.002328
2.007423	1.000000	1.002365
2.008873	1.000000	1.002402
2.010324	1.000000	1.002438
2.011774	1.000000	1.002474
2.013225	1.000000	1.002510
2.014675	1.000000	1.002545
2.016126	1.000000	1.002580
2.017576	1.000000	1.002614
2.019027	1.000000	1.002649
2.020477	1.000000	1.002682
2.021927	1.000000	1.002716
2.023378	1.000000	1.002749
2.024828	1.000000	1.002781
2.026279	1.000000	1.002813
2.027729	1.000000	1.002845
2.029180	1.000000	1.002877
2.030630	1.000000	1.002908
2.032081	1.000000	1.002938
2.033531	1.000000	1.002969
2.034981	1.000000	1.002999
2.036432	1.000000	1.003028
2.037882	1.000000	1.003057
2.039333	1.000000	1.003086
2.040783	1.000000	1.003115
2.042234	1.000000	1.003143
2.043684	1.000000	1.003170
2.045135	1.000000	1.003198
2.046585	1.000000	1.003225
2.048036	1.000000	1.003251
2.049486	1.000000	1.003278
2.050936	1.000000	1.003304
2.052387	1.000000	1.003329
2.053837	1.000000	1.003354
2.055288	1.000000	1.003379
2.056738	1.000000	1.003403
2.058189	1.000000	1.003428
2.059639	1.000000	1.003451
2.061090	1.000000	1.003475
2.062540	1.000000	1.003498
2.063990	1.000000	1.003520
2.065441	1.000000	1.003543
2.066891	1.000000	1.003565
2.068342	1.000000	1.003586
2.069792	1.000000	1.003608
2.071243	1.000000	1.003629
2.072693	1.000000	1.003649
2.074144	1.000000	1.003670
2.075594	1.000000	1.003690
2.077045	1.000000	1.003709
2.078495	1.000000	1.003728
2.079945	1.000000	1.003747
2.081396	1.000000	1.003766
2.082846	1.000000	1.003784
2.084297	1.000000	1.003802
2.085747	1.000000	1.003820
2.087198	1.000000	1.003837
2.088648	1.000000	1.003854
2.090099	1.000000	1.003871
2.091549	1.000000	1.003887
2.092999	1.000000	1.003903
2.094450	1.000000	1.003919
2.095900	1.000000	1.003934
2.097351	1.000000	1.003949
2.098801	1.000000	1.003964
2.100252	1.000000	1.003978
2.101702	1.000000	1.003992
2.103153	1.000000	1.004006
2.104603	1.000000	1.004020
2.106054	1.000000	1.004033
2.107504	1.000000	1.004046
2.108954	1.000000	1.004058
2.110405	1.000000	1.004070
2.111855	1.000000	1.004082
2.113306	1.000000	1.004094
2.114756	1.000000	1.004105
2.116207	1.000000	1.004116
2.117657	1.000000	1.004127
2.119108	1.000000	1.004138
2.120558	1.000000	1.004148
2.122008	1.000000	1.004158
2.123459	1.000000	1.004167
2.124909	1.000000	1.004177
2.126360	1.000000	1.004186
2.127810	1.000000	1.004194
2.129261	1.000000	1.004203
2.130711	1.000000	1.004211
2.132162	1.000000	1.004219
2.133612	1.000000	1.004226
2.135063	1.000000	1.004234
2.136513	1.000000	1.004241
2.137963	1.000000	1.004248
2.139414	1.000000	1.004254
2.140864	1.000000	1.004260
2.142315	1.000000	1.004266
2.143765	1.000000	1.004272
2.145216	1.000000	1.004277
2.146666	1.000000	1.004283
2.148117	1.000000	1.004288
2.149567	1.000000	1.004292
2.151017	1.000000	1.004297
2.152468	1.000000	1.004301
2.153918	1.000000	1.004305
2.155369	1.000000	1.004308
2.156819	1.000000	1.004312
2.158270	1.000000	1.004315
2.159720	1.000000	1.004318
2.161171	1.000000	1.004320
2.162621	1.000000	1.004323
2.164072	1.000000	1.004325
2.165522	1.000000	1.004327
2.166972	1.000000	1.004328
2.168423	1.000000	1.004330
2.169873	1.000000	1.004331
2.171324	1.000000	1.004332
2.172774	1.000000	1.004333
2.174225	1.000000	1.004333
2.175675	1.000000	1.004333
2.177126	1.000000	1.004333
2.178576	1.000000	1.004333
2.180026	1.000000	1.004333
2.181477	1.000000	1.004332
2.182927	1.000000	1.004331
2.184378	1.000000	1.004330
2.185828	1.000000	1.004329
2.187279	1.000000	1.004327
2.188729	1.000000	1.004326
2.190180	1.000000	1.004324
2.191630	1.000000	1.004321
2.193081	1.000000	1.004319
2.194531	1.000000	1.004316
2.195981	1.000000	1.004314
2.197432	1.000000	1.004311
2.198882	1.000000	1.004307
2.200333	1.000000	1.004304
2.201783	1.000000	1.004300
2.203234	1.000000	1.004297
2.204684	1.000000	1.004293
2.206135	1.000000	1.004288
2.207585	1.000000	1.004284
2.209035	1.000000	1.004279
2.210486	1.000000	1.004275
2.211936	1.000000	1.004270
2.213387	1.000000	1.004264
2.214837	1.000000	1.004259
2.216288	1.000000	1.004254
2.217738	1.000000	1.004248
2.219189	1.000000	1.004242
2.220639	1.000000	1.004236
2.222090	1.000000	1.004230
2.223540	1.000000	1.004223
2.224990	1.000000	1.004217
2.226441	1.000000	1.004210
2.227891	1.000000	1.004203
2.229342	1.000000	1.004196
2.230792	1.000000	1.004188
2.232243	1.000000	1.004181
2.233693	1.000000	1.004173
2.235144	1.000000	1.004166
2.236594	1.000000	1.004158
2.238044	1.000000	1.004150
2.239495	1.000000	1.004141
2.240945	1.000000	1.004133
2.242396	1.000000	1.004124
2.243846	1.000000	1.004116
2.245297	1.000000	1.004107
2.246747	1.000000	1.004098
2.248198	1.000000	1.004088
2.249648	1.000000	1.004079
2.251099	1.000000	1.004070
2.252549	1.000000	1.004060
2.253999	1.000000	1.004050
2.255450	1.000000	1.004040
2.256900	1.000000	1.004030
2.258351	1.000000	1.004020
2.259801	1.000000	1.004010
2.261252	1.000000	1.003999
2.262702	1.000000	1.003989
2.264153	1.000000	1.003978
2.265603	1.000000	1.003967
2.267053	1.000000	1.003956
2.268504	1.000000	1.003945
2.269954	1.000000	1.003934
2.271405	1.000000	1.003922
2.272855	1.000000	1.003911
2.274306	1.000000	1.003899
2.275756	1.000000	1.003888
2.277207	1.000000	1.003876
2.278657	1.000000	1.003864
2.280108	1.000000	1.003852
2.281558	1.000000	1.003839
2.283008	1.000000	1.003827
2.284459	1.000000	1.003815
2.285909	1.000000	1.003802
2.287360	1.000000	1.003790
2.288810	1.000000	1.003777
2.290261	1.000000	1.003764
2.291711	1.000000	1.003751
2.293162	1.000000	1.003738
2.294612	1.000000	1.003725
2.296062	1.000000	1.003711
2.297513	1.000000	1.003698
2.298963	1.000000	1.003685
2.300414	1.000000	1.003671
2.301864	1.000000	1.003657
2.303315	1.000000	1.003644
2.304765	1.000000	1.003630
2.306216	1.000000	1.003616
2.307666	1.000000	1.003602
2.309117	1.000000	1.003588
2.310567	1.000000	1.003574
2.312017	1.000000	1.003559
2.313468	1.000000	1.003545
2.314918	1.000000	1.003531
2.316369	1.000000	1.003516
2.317819	1.000000	1.003501
2.319270	1.000000	1.003487
2.320720	1.000000	1.003472
2.322171	1.000000	1.003457
2.323621	1.000000	1.003442
2.325071	1.000000	1.003427
2.326522	1.000000	1.003412
2.327972	1.000000	1.003397
2.329423	1.000000	1.003382
2.330873	1.000000	1.003367
2.332324	1.000000	1.003351
2.333774	1.000000	1.003336
2.335225	1.000000	1.003321
2.336675	1.000000	1.003305
2.338126	1.000000	1.003289
2.339576	1.000000	1.003274
2.341026	1.000000	1.003258
2.342477	1.000000	1.003242
2.343927	1.000000	1.003227
2.345378	1.000000	1.003211
2.346828	1.000000	1.003195
2.348279	1.000000	1.003179
2.349729	1.000000	1.003163
2.351180	1.000000	1.003147
2.352630	1.000000	1.003131
2.354080	1.000000	1.003114
2.355531	1.000000	1.003098
2.356981	1.000000	1.003082
2.358432	1.000000	1.003066
2.359882	1.000000	1.003049
2.361333	1.000000	1.003033
2.362783	1.000000	1.003017
2.364234	1.000000	1.003000
2.365684	1.000000	1.002984
2.367135	1.000000	1.002967
2.368585	1.000000	1.002950
2.370035	1.000000	1.002934
2.371486	1.000000	1.002917
2.372936	1.000000	1.002901
2.374387	1.000000	1.002884
2.375837	1.000000	1.002867
2.377288	1.000000	1.002850
2.378738	1.000000	1.002834
2.380189	1.000000	1.002817
2.381639	1.000000	1.002800
2.383089	1.000000	1.002783
2.384540	1.000000	1.002766
2.385990	1.000000	1.002749
2.387441	1.000000	1.002732
2.388891	1.000000	1.002715
2.390342	1.000000	1.002698
2.391792	1.000000	1.002681
2.393243	1.000000	1.002664
2.394693	1.000000	1.002647
2.396144	1.000000	1.002630
2.397594	1.000000	1.002613
2.399044	1.000000	1.002596
2.400495	1.000000	1.002579
2.401945	1.000000	1.002562
2.403396	1.000000	1.002545
2.404846	1.000000	1.002528
2.406297	1.000000	1.002510
2.407747	1.000000	1.002493
2.409198	1.000000	1.002476
2.410648	1.000000	1.002459
2.412098	1.000000	1.002442
2.413549	1.000000	1.002425
2.414999	1.000000	1.002408
2.416450	1.000000	1.002390
2.417900	1.000000	1.002373
2.419351	1.000000	1.002356
2.420801	1.000000	1.002339
2.422252	1.000000	1.002322
2.423702	1.000000	1.002305
2.425153	1.000000	1.002287
2.426603	1.000000	1.002270
2.428053	1.000000	1.002253
2.429504	1.000000	1.002236
2.430954	1.000000	1.002219
2.432405	1.000000	1.002202
2.433855	1.000000	1.002185
2.435306	1.000000	1.002167
2.436756	1.000000	1.002150
2.438207	1.000000	1.002133
2.439657	1.000000	1.002116
2.441107	1.000000	1.002099
2.442558	1.000000	1.002082
2.444008	1.000000	1.002065
2.445459	1.000000	1.002048
2.446909	1.000000	1.002031
2.448360	1.000000	1.002014
2.449810	1.000000	1.001997
2.451261	1.000000	1.001980
2.452711	1.000000	1.001963
2.454162	1.000000	1.001946
2.455612	1.000000	1.001929
2.457062	1.000000	1.001912
2.458513	1.000000	1.001896
2.459963	1.000000	1.001879
2.461414	1.000000	1.001862
2.462864	1.000000	1.001845
2.464315	1.000000	1.001828
2.465765	1.000000	1.001812
2.467216	1.000000	1.001795
2.468666	1.000000	1.001778
2.470116	1.000000	1.001762
2.471567	1.000000	1.001745
2.473017	1.000000	1.001728
2.474468	1.000000	1.001712
2.475918	1.000000	1.001695
2.477369	1.000000	1.001679
2.478819	1.000000	1.001662
2.480270	1.000000	1.001646
2.481720	1.000000	1.001629
2.483171	1.000000	1.001613
2.484621	1.000000	1.001597
2.486071	1.000000	1.001580
2.487522	1.000000	1.001564
2.488972	1.000000	1.001548
2.490423	1.000000	1.001532
2.491873	1.000000	1.001515
2.493324	1.000000	1.001499
2.494774	1.000000	1.001483
2.496225	1.000000	1.001467
2.497675	1.000000	1.001451
2.499126	1.000000	1.001435
2.500576	1.000000	1.001419
2.502026	1.000000	1.001403
2.503477	1.000000	1.001387
2.504927	1.000000	1.001372
2.506378	1.000000	1.001356
2.507828	1.000000	1.001340
2.509279	1.000000	1.001324
2.510729	1.000000	1.001309
2.512180	1.000000	1.001293
2.513630	1.000000	1.001278
2.515080	1.000000	1.001262
2.516531	1.000000	1.001247
2.517981	1.000000	1.001231
2.519432	1.000000	1.001216
2.520882	1.000000	1.001201
2.522333	1.000000	1.001185
2.523783	1.000000	1.001170
2.525234	1.000000	1.001155
2.526684	1.000000	1.001140
2.528135	1.000000	1.001125
2.529585	1.000000	1.001110
2.531035	1.000000	1.001095
2.532486	1.000000	1.001080
2.533936	1.000000	1.001065
2.535387	1.000000	1.001050
2.536837	1.000000	1.001035
2.538288	1.000000	1.001021
2.539738	1.000000	1.001006
2.541189	1.000000	1.000991
2.542639	1.000000	1.000977
2.544089	1.000000	1.000962
2.545540	1.000000	1.000948
2.546990	1.000000	1.000933
2.548441	1.000000	1.000919
2.549891	1.000000	1.000905
2.551342	1.000000	1.000891
2.552792	1.000000	1.000876
2.554243	1.000000	1.000862
2.555693	1.000000	1.000848
2.557144	1.000000	1.000834
2.558594	1.000000	1.000820
2.560044	1.000000	1.000806
2.561495	1.000000	1.000793
2.562945	1.000000	1.000779
2.564396	1.000000	1.000765
2.565846	1.000000	1.000751
2.567297	1.000000	1.000738
2.568747	1.000000	1.000724
2.570198	1.000000	1.000711
2.571648	1.000000	1.000697
2.573098	1.000000	1.000684
2.574549	1.000000	1.000671
2.575999	1.000000	1.000658
2.577450	1.000000	1.000644
2.578900	1.000000	1.000631
2.580351	1.000000	1.000618
2.581801	1.000000	1.000605
2.583252	1.000000	1.000592
2.584702	1.000000	1.000580
2.586153	1.000000	1.000567
2.587603	1.000000	1.000554
2.589053	1.000000	1.000541
2.590504	1.000000	1.000529
2.591954	1.000000	1.000516
2.593405	1.000000	1.000504
2.594855	1.000000	1.000491
2.596306	1.000000	1.000479
2.597756	1.000000	1.000467
2.599207	1.000000	1.000454
2.600657	1.000000	1.000442
2.602107	1.000000	1.000430
2.603558	1.000000	1.000418
2.605008	1.000000	1.000406
2.606459	1.000000	1.000394
2.607909	1.000000	1.000382
2.609360	1.000000	1.000371
2.610810	1.000000	1.000359
2.612261	1.000000	1.000347
2.613711	1.000000	1.000336
2.615162	1.000000	1.000324
2.616612	1.000000	1.000313
2.618062	1.000000	1.000301
2.619513	1.000000	1.000290
2.620963	1.000000	1.000279
2.622414	1.000000	1.000268
2.623864	1.000000	1.000257
2.625315	1.000000	1.000245
2.626765	1.000000	1.000235
2.628216	1.000000	1.000224
2.629666	1.000000	1.000213
2.631116	1.000000	1.000202
2.632567	1.000000	1.000191
2.634017	1.000000	1.000181
2.635468	1.000000	1.000170
2.636918	1.000000	1.000160
2.638369	1.000000	1.000149
2.639819	1.000000	1.000139
2.641270	1.000000	1.000128
2.642720	1.000000	1.000118
2.644171	1.000000	1.000108
2.645621	1.000000	1.000098
2.647071	1.000000	1.000088
2.648522	1.000000	1.000078
2.649972	1.000000	1.000068
2.651423	1.000000	1.000058
2.652873	1.000000	1.000049
2.654324	1.000000	1.000039
2.655774	1.000000	1.000029
2.657225	1.000000	1.000020
2.658675	1.000000	1.000010
2.660125	1.000000	1.000001
2.661576	1.000000	0.999991
2.663026	1.000000	0.999982
2.664477	1.000000	0.999973
2.665927	1.000000	0.999964
2.667378	1.000000	0.999955
2.668828	1.000000	0.999946
2.670279	1.000000	0.999937
2.671729	1.000000	0.999928
2.673180	1.000000	0.999919
2.674630	1.000000	0.999910
2.676080	1.000000	0.999902
2.677531	1.000000	0.999893
2.678981	1.000000	0.999884
2.680432	1.000000	0.999876
2.681882	1.000000	0.999868
2.683333	1.000000	0.999859
2.684783	1.000000	0.999851
2.686234	1.000000	0.999843
2.687684	1.000000	0.999835
2.689134	1.000000	0.999827
2.690585	1.000000	0.999819
2.692035	1.000000	0.999811
2.693486	1.000000	0.999803
2.694936	1.000000	0.999795
2.696387	1.000000	0.999787
2.697837	1.000000	0.999780
2.699288	1.000000	0.999772
2.700738	1.000000	0.999765
2.702189	1.000000	0.999757
2.703639	1.000000	0.999750
2.705089	1.000000	0.999742
2.706540	1.000000	0.999735
2.707990	1.000000	0.999728
2.709441	1.000000	0.999721
2.710891	1.000000	0.999714
2.712342	1.000000	0.999707
2.713792	1.000000	0.999700
2.715243	1.000000	0.999693
2.716693	1.000000	0.999686
2.718143	1.000000	0.999679
2.719594	1.000000	0.999673
2.721044	1.000000	0.999666
2.722495	1.000000	0.999660
2.723945	1.000000	0.999653
2.725396	1.000000	0.999647
2.726846	1.000000	0.999640
2.728297	1.000000	0.999634
2.729747	1.000000	0.999628
2.731198	1.000000	0.999622
2.732648	1.000000	0.999616
2.734098	1.000000	0.999610
2.735549	1.000000	0.999604
2.736999	1.000000	0.999598
2.738450	1.000000	0.999592
2.739900	1.000000	0.999586
2.741351	1.000000	0.999581
2.742801	1.000000	0.999575
2.744252	1.000000	0.999569
2.745702	1.000000	0.999564
2.747152	1.000000	0.999558
2.748603	1.000000	0.999553
2.750053	1.000000	0.999548
2.751504	1.000000	0.999542
2.752954	1.000000	0.999537
2.754405	1.000000	0.999532
2.755855	1.000000	0.999527
2.757306	1.000000	0.999522
2.758756	1.000000	0.999517
2.760207	1.000000	0.999512
2.761657	1.000000	0.999507
2.763107	1.000000	0.999503
2.764558	1.000000	0.999498
2.766008	1.000000	0.999493
2.767459	1.000000	0.999489
2.768909	1.000000	0.999484
2.770360	1.000000	0.999480
2.771810	1.000000	0.999475
2.773261	1.000000	0.999471
2.774711	1.000000	0.999467
2.776161	1.000000	0.999462
2.777612	1.000000	0.999458
2.779062	1.000000	0.999454
2.780513	1.000000	0.999450
2.781963	1.000000	0.999446
2.783414	1.000000	0.999442
2.784864	1.000000	0.999438
2.786315	1.000000	0.999434
2.787765	1.000000	0.999431
2.789216	1.000000	0.999427
2.790666	1.000000	0.999423
2.792116	1.000000	0.999420
2.793567	1.000000	0.999416
2.795017	1.000000	0.999413
2.796468	1.000000	0.999409
2.797918	1.000000	0.999406
2.799369	1.000000	0.999402
2.800819	1.000000	0.999399
2.802270	1.000000	0.999396
2.803720	1.000000	0.999393
2.805170	1.000000	0.999390
2.806621	1.000000	0.999387
2.808071	1.000000	0.999384
2.809522	1.000000	0.999381
2.810972	1.000000	0.999378
2.812423	1.000000	0.999375
2.813873	1.000000	0.999372
2.815324	1.000000	0.999369
2.816774	1.000000	0.999367
2.818225	1.000000	0.999364
2.819675	1.000000	0.999362
2.821125	1.000000	0.999359
2.822576	1.000000	0.999357
2.824026	1.000000	0.999354
2.825477	1.000000	0.999352
2.826927	1.000000	0.999350
2.828378	1.000000	0.999347
2.829828	1.000000	0.999345
2.831279	1.000000	0.999343
2.832729	1.000000	0.999341
2.834179	1.000000	0.999339
2.835630	1.000000	0.999337
2.837080	1.000000	0.999335
2.838531	1.000000	0.999333
2.839981	1.000000	0.999331
2.841432	1.000000	0.999329
2.842882	1.000000	0.999327
2.844333	1.000000	0.999326
2.845783	1.000000	0.999324
2.847234	1.000000	0.999322
2.848684	1.000000	0.999321
2.850134	1.000000	0.999319
2.851585	1.000000	0.999318
2.853035	1.000000	0.999316
2.854486	1.000000	0.999315
2.855936	1.000000	0.999314
2.857387	1.000000	0.999312
2.858837	1.000000	0.999311
2.860288	1.000000	0.999310
2.861738	1.000000	0.999309
2.863188	1.000000	0.999308
2.864639	1.000000	0.999307
2.866089	1.000000	0.999306
2.867540	1.000000	0.999305
2.868990	1.000000	0.999304
2.870441	1.000000	0.999303
2.871891	1.000000	0.999302
2.873342	1.000000	0.999301
2.874792	1.000000	0.999300
2.876243	1.000000	0.999300
2.877693	1.000000	0.999299
2.879143	1.000000	0.999298
2.880594	1.000000	0.999298
2.882044	1.000000	0.999297
2.883495	1.000000	0.999297
2.884945	1.000000	0.999296
2.886396	1.000000	0.999296
2.887846	1.000000	0.999295
2.889297	1.000000	0.999295
2.890747	1.000000	0.999295
2.892197	1.000000	0.999294
2.893648	1.000000	0.999294
2.895098	1.000000	0.999294
2.896549	1.000000	0.999294
2.897999	1.000000	0.999294
2.899450	1.000000	0.999294
